1e+05	1.5915e-06	0.41953
97758	1.6281e-06	0.13976
95565	1.6654e-06	1.0681e-08
93422	1.7036e-06	2.3827e-09
91327	1.7427e-06	4.1805e-10
89279	1.7827e-06	-9.6142e-10
87277	1.8236e-06	-2.6167e-09
85320	1.8654e-06	-5.5265e-09
83407	1.9082e-06	-1.3587e-08
81536	1.9519e-06	-1.8173e-07
79708	1.9967e-06	-0.05614
77921	2.0425e-06	-0.10093
76173	2.0894e-06	-0.12837
74465	2.1373e-06	-0.13979
72795	2.1863e-06	-0.13654
71163	2.2365e-06	-0.11999
69567	2.2878e-06	-0.091493
68007	2.3403e-06	-0.052437
66482	2.394e-06	-0.0041789
64991	2.4489e-06	-2.4663e-08
63534	2.505e-06	-1.0459e-08
62109	2.5625e-06	-6.0143e-09
60716	2.6213e-06	-3.8314e-09
59355	2.6814e-06	-2.5068e-09
58024	2.7429e-06	-1.5838e-09
56723	2.8058e-06	-8.6563e-10
55451	2.8702e-06	-2.4932e-10
54207	2.9361e-06	3.3028e-10
52992	3.0034e-06	9.2382e-10
51803	3.0723e-06	1.5807e-09
50642	3.1428e-06	2.3606e-09
49506	3.2149e-06	3.348e-09
48396	3.2886e-06	4.678e-09
47311	3.3641e-06	6.5908e-09
46250	3.4412e-06	9.5633e-09
45212	3.5202e-06	1.4687e-08
44199	3.6009e-06	2.5071e-08
43207	3.6835e-06	5.4036e-08
42239	3.768e-06	3.3091e-07
41291	3.8544e-06	0.0097959
40365	3.9429e-06	0.017092
39460	4.0333e-06	0.01806
38575	4.1258e-06	0.012888
37710	4.2205e-06	0.0018178
36865	4.3173e-06	8.8712e-08
36038	4.4163e-06	3.5213e-08
35230	4.5176e-06	1.9855e-08
34440	4.6212e-06	1.2877e-08
33668	4.7273e-06	9.0041e-09
32913	4.8357e-06	6.5862e-09
32174	4.9466e-06	4.9503e-09
31453	5.0601e-06	3.774e-09
30748	5.1762e-06	2.8846e-09
30058	5.2949e-06	2.1818e-09
29384	5.4164e-06	1.6032e-09
28725	5.5406e-06	1.1074e-09
28081	5.6677e-06	6.6553e-10
27451	5.7977e-06	2.5597e-10
26836	5.9307e-06	-1.3872e-10
26234	6.0668e-06	-5.338e-10
25646	6.2059e-06	-9.4392e-10
25071	6.3483e-06	-1.3845e-09
24508	6.4939e-06	-1.8732e-09
23959	6.6429e-06	-2.4318e-09
23422	6.7952e-06	-3.0888e-09
22896	6.9511e-06	-3.8832e-09
22383	7.1106e-06	-4.8713e-09
21881	7.2737e-06	-6.1384e-09
21390	7.4405e-06	-7.8206e-09
20911	7.6112e-06	-1.015e-08
20442	7.7858e-06	-1.3558e-08
19983	7.9644e-06	-1.8943e-08
19535	8.1471e-06	-2.8546e-08
19097	8.334e-06	-4.9878e-08
18669	8.5252e-06	-1.3328e-07
18250	8.7207e-06	-0.0039655
17841	8.9208e-06	-0.015572
17441	9.1254e-06	-0.02501
17050	9.3347e-06	-0.03243
16667	9.5489e-06	-0.037991
16294	9.7679e-06	-0.041862
15928	9.992e-06	-0.044213
15571	1.0221e-05	-0.045222
15222	1.0456e-05	-0.045062
14881	1.0695e-05	-0.043907
14547	1.0941e-05	-0.041925
14221	1.1192e-05	-0.039281
13902	1.1449e-05	-0.036129
13590	1.1711e-05	-0.032617
13285	1.198e-05	-0.02888
12987	1.2255e-05	-0.025043
12696	1.2536e-05	-0.021218
12411	1.2823e-05	-0.017505
12133	1.3117e-05	-0.01399
11861	1.3418e-05	-0.010745
11595	1.3726e-05	-0.0078299
11335	1.4041e-05	-0.0052889
11081	1.4363e-05	-0.0031547
10832	1.4693e-05	-0.0014473
10589	1.503e-05	-0.00017879
10352	1.5374e-05	-1.9588e-06
10120	1.5727e-05	-1.183e-06
9892.9	1.6088e-05	-1.1527e-06
9671.1	1.6457e-05	-1.6628e-06
9454.2	1.6834e-05	-1.2994e-05
9242.2	1.722e-05	-0.00083617
9034.9	1.7616e-05	-0.0020275
8832.3	1.802e-05	-0.0034093
8634.3	1.8433e-05	-0.0049298
8440.6	1.8856e-05	-0.0065369
8251.4	1.9288e-05	-0.0081793
8066.3	1.9731e-05	-0.0098071
7885.4	2.0183e-05	-0.011373
7708.6	2.0646e-05	-0.012834
7535.8	2.112e-05	-0.01415
7366.8	2.1604e-05	-0.015288
7201.6	2.21e-05	-0.016217
7040.1	2.2607e-05	-0.016916
6882.2	2.3126e-05	-0.017368
6727.9	2.3656e-05	-0.017562
6577	2.4199e-05	-0.017494
6429.5	2.4754e-05	-0.017168
6285.3	2.5322e-05	-0.01659
6144.4	2.5902e-05	-0.015776
6006.6	2.6497e-05	-0.014744
5871.9	2.7104e-05	-0.013519
5740.2	2.7726e-05	-0.01213
5611.5	2.8362e-05	-0.010608
5485.7	2.9013e-05	-0.0089871
5362.7	2.9678e-05	-0.0073046
5242.4	3.0359e-05	-0.0055979
5124.8	3.1056e-05	-0.0039051
5009.9	3.1768e-05	-0.0022637
4897.6	3.2497e-05	-0.00071081
4787.8	3.3242e-05	-1.7887e-06
4680.4	3.4005e-05	-6.4472e-07
4575.4	3.4785e-05	-4.2035e-07
4472.8	3.5583e-05	-3.2788e-07
4372.5	3.6399e-05	-2.8152e-07
4274.5	3.7234e-05	-2.5807e-07
4178.6	3.8088e-05	-2.493e-07
4084.9	3.8962e-05	-2.5263e-07
3993.3	3.9855e-05	-2.6895e-07
3903.8	4.077e-05	-3.0328e-07
3816.2	4.1705e-05	-3.6951e-07
3730.6	4.2661e-05	-5.1049e-07
3647	4.364e-05	-9.409e-07
3565.2	4.4641e-05	-2.8827e-05
3485.3	4.5665e-05	-0.0014077
3407.1	4.6713e-05	-0.0029315
3330.7	4.7784e-05	-0.0044937
3256	4.888e-05	-0.0060503
3183	5.0002e-05	-0.0075557
3111.6	5.1149e-05	-0.0089634
3041.8	5.2322e-05	-0.010227
2973.6	5.3522e-05	-0.011301
2906.9	5.475e-05	-0.012142
2841.8	5.6006e-05	-0.012708
2778	5.7291e-05	-0.012962
2715.7	5.8605e-05	-0.012872
2654.8	5.9949e-05	-0.012407
2595.3	6.1324e-05	-0.011547
2537.1	6.2731e-05	-0.010276
2480.2	6.417e-05	-0.0085824
2424.6	6.5642e-05	-0.006466
2370.2	6.7148e-05	-0.0039314
2317.1	6.8688e-05	-0.00099218
2265.1	7.0264e-05	-5.5501e-07
2214.3	7.1875e-05	-2.186e-07
2164.7	7.3524e-05	-1.3145e-07
2116.1	7.5211e-05	-9.1941e-08
2068.7	7.6936e-05	-6.9681e-08
2022.3	7.8701e-05	-5.5571e-08
1976.9	8.0506e-05	-4.5939e-08
1932.6	8.2353e-05	-3.9024e-08
1889.3	8.4242e-05	-3.3877e-08
1846.9	8.6174e-05	-2.9945e-08
1805.5	8.8151e-05	-2.6881e-08
1765	9.0173e-05	-2.4462e-08
1725.4	9.2242e-05	-2.2534e-08
1686.7	9.4358e-05	-2.0994e-08
1648.9	9.6522e-05	-1.9765e-08
1611.9	9.8736e-05	-1.8794e-08
1575.8	0.000101	-1.8041e-08
1540.4	0.00010332	-1.7478e-08
1505.9	0.00010569	-1.7085e-08
1472.1	0.00010811	-1.6851e-08
1439.1	0.00011059	-1.6767e-08
1406.8	0.00011313	-1.6832e-08
1375.3	0.00011572	-1.7049e-08
1344.5	0.00011838	-1.7427e-08
1314.3	0.00012109	-1.7982e-08
1284.8	0.00012387	-1.8737e-08
1256	0.00012671	-1.9725e-08
1227.9	0.00012962	-2.0994e-08
1200.3	0.00013259	-2.2609e-08
1173.4	0.00013564	-2.4667e-08
1147.1	0.00013875	-2.7306e-08
1121.4	0.00014193	-3.0738e-08
1096.2	0.00014519	-3.5292e-08
1071.6	0.00014852	-4.1516e-08
1047.6	0.00015192	-5.0378e-08
1024.1	0.00015541	-6.3774e-08
1001.1	0.00015897	-8.596e-08
978.7	0.00016262	-1.2885e-07
956.75	0.00016635	-2.4317e-07
935.29	0.00017017	-1.4335e-06
914.32	0.00017407	-0.0032203
893.82	0.00017806	-0.0069052
873.77	0.00018215	-0.010099
854.18	0.00018632	-0.012758
835.03	0.0001906	-0.014842
816.3	0.00019497	-0.016324
797.99	0.00019944	-0.017181
780.1	0.00020402	-0.0174
762.61	0.0002087	-0.016978
745.51	0.00021349	-0.01592
728.79	0.00021838	-0.014239
712.44	0.00022339	-0.011958
696.47	0.00022852	-0.0091092
680.85	0.00023376	-0.0057312
665.58	0.00023912	-0.0018717
650.66	0.00024461	-5.3578e-07
636.07	0.00025022	-1.863e-07
621.8	0.00025596	-1.0959e-07
607.86	0.00026183	-7.6394e-08
594.23	0.00026783	-5.8104e-08
580.9	0.00027398	-4.6665e-08
567.88	0.00028026	-3.8932e-08
555.14	0.00028669	-3.3428e-08
542.69	0.00029327	-2.9367e-08
530.52	0.0003	-2.6297e-08
518.63	0.00030688	-2.3939e-08
507	0.00031392	-2.2113e-08
495.63	0.00032112	-2.07e-08
484.51	0.00032848	-1.9618e-08
473.65	0.00033602	-1.8812e-08
463.03	0.00034373	-1.8243e-08
452.64	0.00035161	-1.7887e-08
442.49	0.00035968	-1.7731e-08
432.57	0.00036793	-1.777e-08
422.87	0.00037637	-1.8008e-08
413.39	0.000385	-1.8461e-08
404.12	0.00039383	-1.9152e-08
395.05	0.00040287	-2.0124e-08
386.2	0.00041211	-2.1437e-08
377.54	0.00042156	-2.3182e-08
369.07	0.00043123	-2.5497e-08
360.79	0.00044113	-2.8596e-08
352.7	0.00045124	-3.2828e-08
344.79	0.0004616	-3.8791e-08
337.06	0.00047218	-4.76e-08
329.5	0.00048302	-6.1587e-08
322.11	0.0004941	-8.6536e-08
314.89	0.00050543	-1.4176e-07
307.83	0.00051702	-3.5438e-07
300.93	0.00052888	-0.0014857
294.18	0.00054102	-0.0060872
287.58	0.00055343	-0.0099935
281.13	0.00056612	-0.013073
274.83	0.00057911	-0.015198
268.67	0.00059239	-0.016243
262.64	0.00060598	-0.016091
256.75	0.00061988	-0.01463
250.99	0.0006341	-0.011758
245.36	0.00064865	-0.0073794
239.86	0.00066353	-0.0014137
234.48	0.00067875	-2.1318e-07
229.23	0.00069432	-8.4989e-08
224.09	0.00071024	-4.9155e-08
219.06	0.00072654	-3.2751e-08
214.15	0.0007432	-2.3547e-08
209.35	0.00076025	-1.776e-08
204.65	0.00077769	-1.3843e-08
200.06	0.00079553	-1.1049e-08
195.58	0.00081378	-8.9747e-09
191.19	0.00083244	-7.3867e-09
186.9	0.00085154	-6.1388e-09
182.71	0.00087107	-5.1364e-09
178.61	0.00089105	-4.3153e-09
174.61	0.00091149	-3.6308e-09
170.69	0.0009324	-3.0505e-09
166.87	0.00095379	-2.5507e-09
163.12	0.00097567	-2.1133e-09
159.47	0.00099805	-1.7245e-09
155.89	0.0010209	-1.3732e-09
152.39	0.0010444	-1.0507e-09
148.98	0.0010683	-7.4957e-10
145.64	0.0010928	-4.6354e-10
142.37	0.0011179	-1.8712e-10
139.18	0.0011435	8.47e-11
136.06	0.0011698	3.5666e-10
133.01	0.0011966	6.334e-10
130.02	0.0012241	9.1965e-10
127.11	0.0012521	1.2204e-09
124.26	0.0012809	1.5413e-09
121.47	0.0013102	1.8883e-09
118.75	0.0013403	2.2686e-09
116.08	0.001371	2.6907e-09
113.48	0.0014025	3.1648e-09
110.94	0.0014347	3.7033e-09
108.45	0.0014676	4.3219e-09
106.02	0.0015012	5.0403e-09
103.64	0.0015357	5.884e-09
101.31	0.0015709	6.8865e-09
99.043	0.0016069	8.0924e-09
96.822	0.0016438	9.5627e-09
94.65	0.0016815	1.1382e-08
92.528	0.0017201	1.3674e-08
90.453	0.0017595	1.6617e-08
88.425	0.0017999	2.0494e-08
86.442	0.0018412	2.5757e-08
84.503	0.0018834	3.3196e-08
82.608	0.0019266	4.4298e-08
80.756	0.0019708	6.2248e-08
78.945	0.002016	9.5277e-08
77.175	0.0020623	1.7309e-07
75.444	0.0021096	5.4798e-07
73.752	0.002158	0.0020131
72.098	0.0022075	0.0055795
70.482	0.0022581	0.0084266
68.901	0.0023099	0.010634
67.356	0.0023629	0.012279
65.845	0.0024171	0.01344
64.369	0.0024725	0.014188
62.925	0.0025293	0.014595
61.514	0.0025873	0.014727
60.135	0.0026466	0.014646
58.786	0.0027073	0.014409
57.468	0.0027694	0.014067
56.179	0.002833	0.013668
54.92	0.002898	0.013252
53.688	0.0029644	0.012855
52.484	0.0030324	0.012507
51.307	0.003102	0.012233
50.157	0.0031732	0.012052
49.032	0.0032459	0.011979
47.932	0.0033204	0.012023
46.858	0.0033966	0.012189
45.807	0.0034745	0.01248
44.78	0.0035542	0.012891
43.775	0.0036357	0.01342
42.794	0.0037191	0.014055
41.834	0.0038044	0.014789
40.896	0.0038917	0.015607
39.979	0.003981	0.016496
39.082	0.0040723	0.017442
38.206	0.0041657	0.018429
37.349	0.0042613	0.01944
36.512	0.004359	0.020462
35.693	0.004459	0.021478
34.893	0.0045613	0.022474
34.11	0.0046659	0.023436
33.345	0.004773	0.024352
32.597	0.0048824	0.025209
31.866	0.0049944	0.025999
31.152	0.005109	0.026713
30.453	0.0052262	0.027342
29.77	0.0053461	0.027882
29.103	0.0054687	0.028327
28.45	0.0055942	0.028674
27.812	0.0057225	0.028922
27.189	0.0058538	0.02907
26.579	0.005988	0.029118
25.983	0.0061254	0.029067
25.4	0.0062659	0.02892
24.831	0.0064096	0.028679
24.274	0.0065567	0.028349
23.729	0.0067071	0.027932
23.197	0.0068609	0.027434
22.677	0.0070183	0.026858
22.169	0.0071793	0.026212
21.671	0.007344	0.025498
21.185	0.0075125	0.024724
20.71	0.0076848	0.023893
20.246	0.0078611	0.023012
19.792	0.0080414	0.022086
19.348	0.0082259	0.021121
18.914	0.0084146	0.020122
18.49	0.0086076	0.019094
18.075	0.008805	0.018044
17.67	0.009007	0.016976
17.274	0.0092136	0.015897
16.887	0.009425	0.014812
16.508	0.0096412	0.013727
16.138	0.0098623	0.012648
15.776	0.010089	0.01158
15.422	0.01032	0.01053
15.076	0.010557	0.009504
14.738	0.010799	0.008507
14.408	0.011047	0.0075452
14.085	0.0113	0.006624
13.769	0.011559	0.005749
13.46	0.011824	0.0049252
13.158	0.012096	0.0041573
12.863	0.012373	0.0034496
12.575	0.012657	0.0028059
12.293	0.012947	0.0022292
12.017	0.013244	0.0017219
11.747	0.013548	0.0012858
11.484	0.013859	0.0009217
11.227	0.014177	0.00062962
10.975	0.014502	0.00040876
10.729	0.014835	0.00025729
10.488	0.015175	0.00017308
10.253	0.015523	0.00015049
10.023	0.015879	0.00018216
9.7982	0.016243	0.00026616
9.5785	0.016616	0.00039737
9.3637	0.016997	0.00056838
9.1537	0.017387	0.0007717
8.9484	0.017786	0.00099947
8.7478	0.018194	0.0012435
8.5516	0.018611	0.0014956
8.3598	0.019038	0.0017474
8.1724	0.019475	0.0019908
7.9891	0.019922	0.0022181
7.81	0.020378	0.0024219
7.6348	0.020846	0.0025955
7.4636	0.021324	0.0027328
7.2962	0.021813	0.0028285
7.1326	0.022314	0.0028785
6.9727	0.022826	0.0028795
6.8163	0.023349	0.0028293
6.6635	0.023885	0.0027268
6.514	0.024433	0.0025721
6.368	0.024993	0.0023664
6.2252	0.025566	0.002112
6.0856	0.026153	0.0018123
5.9491	0.026753	0.0014715
5.8157	0.027366	0.001095
5.6853	0.027994	0.00068886
5.5578	0.028636	0.00026114
5.4332	0.029293	9.3565e-06
5.3113	0.029965	2.2353e-06
5.1922	0.030653	1.2444e-06
5.0758	0.031356	8.6253e-07
4.962	0.032075	6.6523e-07
4.8507	0.032811	5.4717e-07
4.7419	0.033563	4.7012e-07
4.6356	0.034333	4.1714e-07
4.5316	0.035121	3.7965e-07
4.43	0.035927	3.5291e-07
4.3307	0.036751	3.3413e-07
4.2335	0.037594	3.2163e-07
4.1386	0.038456	3.1438e-07
4.0458	0.039338	3.1187e-07
3.9551	0.040241	3.139e-07
3.8664	0.041164	3.2062e-07
3.7797	0.042108	3.3253e-07
3.6949	0.043074	3.5058e-07
3.6121	0.044062	3.7637e-07
3.5311	0.045073	4.1253e-07
3.4519	0.046107	4.6351e-07
3.3745	0.047164	5.3718e-07
3.2988	0.048246	6.487e-07
3.2248	0.049353	8.3061e-07
3.1525	0.050485	1.1654e-06
3.0818	0.051643	1.9335e-06
3.0127	0.052828	5.0954e-06
2.9452	0.05404	9.4815e-05
2.8791	0.055279	0.00047019
2.8145	0.056547	0.00082352
2.7514	0.057844	0.0011297
2.6897	0.059171	0.0013767
2.6294	0.060529	0.0015526
2.5705	0.061917	0.0016451
2.5128	0.063337	0.0016417
2.4565	0.06479	0.0015294
2.4014	0.066277	0.0012946
2.3475	0.067797	0.0009236
2.2949	0.069352	0.00040291
2.2434	0.070943	6.4905e-06
2.1931	0.07257	1.2212e-06
2.1439	0.074235	5.8747e-07
2.0959	0.075938	3.6545e-07
2.0489	0.07768	2.5462e-07
2.0029	0.079462	1.8863e-07
1.958	0.081284	1.4531e-07
1.9141	0.083149	1.1508e-07
1.8712	0.085056	9.3076e-08
1.8292	0.087008	7.6535e-08
1.7882	0.089003	6.3788e-08
1.7481	0.091045	5.3765e-08
1.7089	0.093134	4.5751e-08
1.6706	0.09527	3.9251e-08
1.6331	0.097455	3.3916e-08
1.5965	0.099691	2.9489e-08
1.5607	0.10198	2.5782e-08
1.5257	0.10432	2.2653e-08
1.4915	0.10671	1.9991e-08
1.458	0.10916	1.7711e-08
1.4253	0.11166	1.5748e-08
1.3934	0.11422	1.4047e-08
1.3621	0.11684	1.2567e-08
1.3316	0.11952	1.1272e-08
1.3017	0.12227	1.0134e-08
1.2725	0.12507	9.1305e-09
1.244	0.12794	8.2415e-09
1.2161	0.13087	7.4512e-09
1.1888	0.13388	6.746e-09
1.1622	0.13695	6.1146e-09
1.1361	0.14009	5.5473e-09
1.1106	0.1433	5.0359e-09
1.0857	0.14659	4.5734e-09
1.0614	0.14995	4.1537e-09
1.0376	0.15339	3.7716e-09
1.0143	0.15691	3.4227e-09
0.99156	0.16051	3.1029e-09
0.96933	0.16419	2.809e-09
0.94759	0.16796	2.5378e-09
0.92634	0.17181	2.287e-09
0.90557	0.17575	2.0541e-09
0.88526	0.17978	1.8373e-09
0.86541	0.18391	1.6347e-09
0.846	0.18813	1.4451e-09
0.82703	0.19244	1.267e-09
0.80848	0.19686	1.0995e-09
0.79035	0.20137	9.4164e-10
0.77263	0.20599	7.9269e-10
0.75531	0.21072	6.5213e-10
0.73837	0.21555	5.1958e-10
0.72181	0.22049	3.9482e-10
0.70562	0.22555	2.7775e-10
0.6898	0.23073	1.6848e-10
0.67433	0.23602	6.7195e-11
0.65921	0.24143	-2.5745e-11
0.64443	0.24697	-1.0988e-10
0.62998	0.25264	-1.8467e-10
0.61585	0.25843	-2.4947e-10
0.60204	0.26436	-3.0363e-10
0.58854	0.27042	-3.4647e-10
0.57534	0.27663	-3.7734e-10
0.56244	0.28297	-3.9567e-10
0.54983	0.28946	-4.0096e-10
0.5375	0.2961	-3.9284e-10
0.52544	0.3029	-3.7108e-10
0.51366	0.30984	-3.3558e-10
0.50214	0.31695	-2.8636e-10
0.49088	0.32422	-2.2353e-10
0.47987	0.33166	-1.4727e-10
0.46911	0.33927	-5.7774e-11
0.45859	0.34705	4.4823e-11
0.44831	0.35501	1.6049e-10
0.43826	0.36315	2.8937e-10
0.42843	0.37149	4.3186e-10
0.41882	0.38001	5.8869e-10
0.40943	0.38872	7.6099e-10
0.40025	0.39764	9.5041e-10
0.39127	0.40676	1.1592e-09
0.3825	0.41609	1.3905e-09
0.37392	0.42564	1.6484e-09
0.36554	0.4354	1.9381e-09
0.35734	0.44539	2.2668e-09
0.34933	0.45561	2.6437e-09
0.34149	0.46606	3.081e-09
0.33383	0.47675	3.5954e-09
0.32635	0.48768	4.2095e-09
0.31903	0.49887	4.9549e-09
0.31188	0.51032	5.8768e-09
0.30488	0.52202	7.0415e-09
0.29805	0.534	8.5501e-09
0.29136	0.54625	1.0563e-08
0.28483	0.55878	1.3347e-08
0.27844	0.57159	1.7378e-08
0.2722	0.58471	2.358e-08
0.26609	0.59812	3.3969e-08
0.26013	0.61184	5.3807e-08
0.25429	0.62587	1.0177e-07
0.24859	0.64023	3.1673e-07
0.24302	0.65492	0.0019049
0.23757	0.66994	0.0050109
0.23224	0.68531	0.0051019
0.22703	0.70103	0.0020548
0.22194	0.71711	3.1046e-07
0.21696	0.73356	9.5171e-08
0.2121	0.75039	4.8579e-08
0.20734	0.7676	2.9669e-08
0.20269	0.78521	1.9917e-08
0.19815	0.80322	1.4173e-08
0.1937	0.82164	1.0483e-08
0.18936	0.84049	7.9596e-09
0.18511	0.85977	6.1479e-09
0.18096	0.87949	4.794e-09
0.1769	0.89967	3.746e-09
0.17294	0.92031	2.9081e-09
0.16906	0.94142	2.216e-09
0.16527	0.96301	1.6248e-09
0.16156	0.9851	1.101e-09
0.15794	1.0077	6.1712e-10
0.1544	1.0308	1.4833e-10
0.15093	1.0545	-3.3145e-10
0.14755	1.0787	-8.5454e-10
0.14424	1.1034	-1.468e-09
0.14101	1.1287	-2.2517e-09
0.13784	1.1546	-3.3652e-09
0.13475	1.1811	-5.1958e-09
0.13173	1.2082	-9.0222e-09
0.12878	1.2359	-2.318e-08
0.12589	1.2642	-0.02129
